Exp 19 — Rank-k Identity Saturation  (layer 8)
========================================================================

Reference: n = 5
Targets:   [999, 666, 137]
k_max:     10
Train templates:   20
Held-out templates: 10

Pre-registered outcome rules:
  PASS     ≥ 2 targets meet transfer ≥ 0.8 at k ≤ 5
  PARTIAL  1 target at k ≤ 10, or ≥ 2 in [0.5, 0.8) at k = 5
  FAIL     all targets plateau < 0.5 at k = 10

OUTCOME: FAIL
  targets meeting pass at k ≤ 5:  []
  targets meeting pass at k ≤ 10: []
  max-over-k transfer per target:  {999: 0.25886689693661047, 666: 0.24270873144734245, 137: 0.2841736032137163}


### target = 999
  mean KL(target‖ref) over held-out = 0.5001
  k* (mean-diff, threshold 0.8) = 10

  Mean-diff transfer curve:
      k |   α=0.0 |  α=0.25 |   α=0.5 |  α=0.75 |   α=1.0 |  α=1.25 |   α=1.5 |   α=2.0
      1 |  +0.000 |  +0.082 |  +0.172 |  +0.237 |  +0.259 |  +0.254 |  +0.237 |  +0.195
      2 |  +0.000 |  +0.069 |  +0.143 |  +0.170 |  +0.121 |  +0.006 |  -0.169 |  -0.650
      3 |  +0.000 |  +0.077 |  +0.160 |  +0.195 |  +0.157 |  +0.058 |  -0.094 |  -0.515
      4 |  +0.000 |  +0.075 |  +0.149 |  +0.159 |  +0.070 |  -0.121 |  -0.423 |  -1.326
      5 |  +0.000 |  +0.057 |  +0.085 |  -0.014 |  -0.342 |  -0.979 |  -1.959 |  -4.770
      6 |  +0.000 |  +0.047 |  +0.038 |  -0.170 |  -0.760 |  -1.878 |  -3.567 |  -8.119
      7 |  +0.000 |  +0.028 |  -0.067 |  -0.583 |  -1.923 |  -4.260 |  -7.381 | -13.897
      8 |  +0.000 |  +0.023 |  -0.075 |  -0.564 |  -1.809 |  -3.999 |  -6.984 | -13.431
      9 |  +0.000 |  +0.022 |  -0.077 |  -0.568 |  -1.818 |  -4.024 |  -7.037 | -13.550
     10 |  +0.000 |  +0.022 |  -0.078 |  -0.571 |  -1.824 |  -4.033 |  -7.046 | -13.547

  LDA transfer curve:
      k |   α=0.0 |  α=0.25 |   α=0.5 |  α=0.75 |   α=1.0 |  α=1.25 |   α=1.5 |   α=2.0
      1 |  +0.000 |  +0.031 |  +0.067 |  +0.107 |  +0.133 |  +0.140 |  +0.139 |  +0.125
      2 |  +0.000 |  +0.045 |  +0.105 |  +0.165 |  +0.192 |  +0.190 |  +0.177 |  +0.146
      3 |  +0.000 |  +0.061 |  +0.135 |  +0.203 |  +0.234 |  +0.238 |  +0.230 |  +0.195
      4 |  +0.000 |  +0.064 |  +0.140 |  +0.206 |  +0.237 |  +0.240 |  +0.229 |  +0.187
      5 |  +0.000 |  +0.069 |  +0.150 |  +0.215 |  +0.241 |  +0.237 |  +0.220 |  +0.173
      6 |  +0.000 |  +0.071 |  +0.153 |  +0.214 |  +0.236 |  +0.229 |  +0.211 |  +0.167
      7 |  +0.000 |  +0.080 |  +0.170 |  +0.231 |  +0.246 |  +0.234 |  +0.213 |  +0.166
      8 |  +0.000 |  +0.081 |  +0.172 |  +0.234 |  +0.248 |  +0.236 |  +0.215 |  +0.168
      9 |  +0.000 |  +0.085 |  +0.177 |  +0.235 |  +0.245 |  +0.230 |  +0.207 |  +0.158
     10 |  +0.000 |  +0.085 |  +0.175 |  +0.232 |  +0.242 |  +0.226 |  +0.204 |  +0.158

### target = 666
  mean KL(target‖ref) over held-out = 0.4751
  k* (mean-diff, threshold 0.8) = 10

  Mean-diff transfer curve:
      k |   α=0.0 |  α=0.25 |   α=0.5 |  α=0.75 |   α=1.0 |  α=1.25 |   α=1.5 |   α=2.0
      1 |  +0.000 |  +0.055 |  +0.127 |  +0.202 |  +0.243 |  +0.248 |  +0.238 |  +0.206
      2 |  +0.000 |  +0.078 |  +0.144 |  +0.203 |  +0.232 |  +0.226 |  +0.207 |  +0.166
      3 |  +0.000 |  +0.083 |  +0.144 |  +0.196 |  +0.218 |  +0.212 |  +0.196 |  +0.158
      4 |  +0.000 |  +0.086 |  +0.151 |  +0.205 |  +0.226 |  +0.220 |  +0.204 |  +0.163
      5 |  +0.000 |  +0.088 |  +0.159 |  +0.214 |  +0.233 |  +0.228 |  +0.213 |  +0.169
      6 |  +0.000 |  +0.099 |  +0.176 |  +0.230 |  +0.238 |  +0.228 |  +0.210 |  +0.167
      7 |  +0.000 |  +0.099 |  +0.178 |  +0.232 |  +0.241 |  +0.231 |  +0.214 |  +0.171
      8 |  +0.000 |  +0.099 |  +0.171 |  +0.221 |  +0.224 |  +0.210 |  +0.192 |  +0.153
      9 |  +0.000 |  +0.098 |  +0.170 |  +0.219 |  +0.221 |  +0.206 |  +0.188 |  +0.148
     10 |  +0.000 |  +0.098 |  +0.170 |  +0.219 |  +0.220 |  +0.206 |  +0.188 |  +0.148

  LDA transfer curve:
      k |   α=0.0 |  α=0.25 |   α=0.5 |  α=0.75 |   α=1.0 |  α=1.25 |   α=1.5 |   α=2.0
      1 |  +0.000 |  +0.040 |  +0.081 |  +0.122 |  +0.160 |  +0.185 |  +0.190 |  +0.163
      2 |  +0.000 |  +0.037 |  +0.087 |  +0.146 |  +0.190 |  +0.198 |  +0.186 |  +0.156
      3 |  +0.000 |  +0.047 |  +0.107 |  +0.171 |  +0.215 |  +0.228 |  +0.222 |  +0.188
      4 |  +0.000 |  +0.046 |  +0.108 |  +0.174 |  +0.215 |  +0.219 |  +0.203 |  +0.163
      5 |  +0.000 |  +0.044 |  +0.104 |  +0.171 |  +0.214 |  +0.219 |  +0.206 |  +0.170
      6 |  +0.000 |  +0.048 |  +0.111 |  +0.177 |  +0.216 |  +0.221 |  +0.210 |  +0.161
      7 |  +0.000 |  +0.052 |  +0.118 |  +0.183 |  +0.219 |  +0.223 |  +0.210 |  +0.157
      8 |  +0.000 |  +0.051 |  +0.118 |  +0.183 |  +0.217 |  +0.220 |  +0.205 |  +0.152
      9 |  +0.000 |  +0.052 |  +0.124 |  +0.191 |  +0.215 |  +0.208 |  +0.185 |  +0.116
     10 |  +0.000 |  +0.046 |  +0.109 |  +0.149 |  +0.135 |  +0.088 |  +0.033 |  -0.068

### target = 137
  mean KL(target‖ref) over held-out = 0.3828
  k* (mean-diff, threshold 0.8) = 10

  Mean-diff transfer curve:
      k |   α=0.0 |  α=0.25 |   α=0.5 |  α=0.75 |   α=1.0 |  α=1.25 |   α=1.5 |   α=2.0
      1 |  +0.000 |  +0.073 |  +0.151 |  +0.224 |  +0.272 |  +0.293 |  +0.295 |  +0.268
      2 |  +0.000 |  +0.077 |  +0.163 |  +0.233 |  +0.264 |  +0.269 |  +0.260 |  +0.215
      3 |  +0.000 |  +0.079 |  +0.171 |  +0.242 |  +0.271 |  +0.276 |  +0.267 |  +0.223
      4 |  +0.000 |  +0.082 |  +0.176 |  +0.249 |  +0.279 |  +0.284 |  +0.275 |  +0.230
      5 |  +0.000 |  +0.082 |  +0.177 |  +0.250 |  +0.281 |  +0.286 |  +0.277 |  +0.229
      6 |  +0.000 |  +0.081 |  +0.175 |  +0.248 |  +0.278 |  +0.283 |  +0.273 |  +0.224
      7 |  +0.000 |  +0.082 |  +0.177 |  +0.250 |  +0.281 |  +0.287 |  +0.277 |  +0.228
      8 |  +0.000 |  +0.083 |  +0.178 |  +0.251 |  +0.282 |  +0.287 |  +0.277 |  +0.229
      9 |  +0.000 |  +0.083 |  +0.178 |  +0.252 |  +0.282 |  +0.288 |  +0.279 |  +0.232
     10 |  +0.000 |  +0.083 |  +0.179 |  +0.253 |  +0.284 |  +0.290 |  +0.282 |  +0.236

  LDA transfer curve:
      k |   α=0.0 |  α=0.25 |   α=0.5 |  α=0.75 |   α=1.0 |  α=1.25 |   α=1.5 |   α=2.0
      1 |  +0.000 |  +0.053 |  +0.105 |  +0.156 |  +0.201 |  +0.233 |  +0.248 |  +0.237
      2 |  +0.000 |  +0.069 |  +0.139 |  +0.204 |  +0.253 |  +0.279 |  +0.287 |  +0.267
      3 |  +0.000 |  +0.072 |  +0.147 |  +0.218 |  +0.268 |  +0.293 |  +0.299 |  +0.276
      4 |  +0.000 |  +0.073 |  +0.150 |  +0.219 |  +0.266 |  +0.289 |  +0.296 |  +0.272
      5 |  +0.000 |  +0.072 |  +0.148 |  +0.216 |  +0.261 |  +0.282 |  +0.287 |  +0.260
      6 |  +0.000 |  +0.072 |  +0.148 |  +0.216 |  +0.261 |  +0.283 |  +0.288 |  +0.259
      7 |  +0.000 |  +0.073 |  +0.151 |  +0.220 |  +0.265 |  +0.287 |  +0.291 |  +0.261
      8 |  +0.000 |  +0.073 |  +0.149 |  +0.217 |  +0.263 |  +0.285 |  +0.290 |  +0.261
      9 |  +0.000 |  +0.072 |  +0.148 |  +0.216 |  +0.261 |  +0.282 |  +0.286 |  +0.256
     10 |  +0.000 |  +0.075 |  +0.156 |  +0.228 |  +0.267 |  +0.281 |  +0.279 |  +0.234