Exp 19 — Rank-k Identity Saturation  (layer 2)
========================================================================

Reference: n = 5
Targets:   [999, 666, 137]
k_max:     10
Train templates:   20
Held-out templates: 10

Pre-registered outcome rules:
  PASS     ≥ 2 targets meet transfer ≥ 0.8 at k ≤ 5
  PARTIAL  1 target at k ≤ 10, or ≥ 2 in [0.5, 0.8) at k = 5
  FAIL     all targets plateau < 0.5 at k = 10

OUTCOME: PASS
  targets meeting pass at k ≤ 5:  [999, 666, 137]
  targets meeting pass at k ≤ 10: [999, 666, 137]
  max-over-k transfer per target:  {999: 0.8739494522591935, 666: 0.9284855844694235, 137: 0.9032796719952068}


### target = 999
  mean KL(target‖ref) over held-out = 0.5001
  k* (mean-diff, threshold 0.8) = 1

  Mean-diff transfer curve:
      k |   α=0.0 |  α=0.25 |   α=0.5 |  α=0.75 |   α=1.0 |  α=1.25 |   α=1.5 |   α=2.0
      1 |  +0.000 |  +0.253 |  +0.537 |  +0.786 |  +0.874 |  +0.914 |  +0.896 |  +0.596
      2 |  +0.000 |  +0.294 |  +0.641 |  +0.818 |  +0.772 |  +0.473 |  -0.252 |  -6.387
      3 |  +0.000 |  +0.293 |  +0.673 |  +0.798 |  +0.677 |  +0.377 |  -0.159 |  -3.760
      4 |  +0.000 |  +0.337 |  +0.714 |  +0.819 |  +0.717 |  +0.387 |  -0.285 |  -4.678
      5 |  +0.000 |  +0.330 |  +0.730 |  +0.789 |  +0.645 |  +0.298 |  -0.420 |  -5.404
      6 |  +0.000 |  +0.350 |  +0.738 |  +0.787 |  +0.613 |  +0.185 |  -0.810 |  -6.904
      7 |  +0.000 |  +0.348 |  +0.739 |  +0.788 |  +0.616 |  +0.209 |  -0.666 |  -6.118
      8 |  +0.000 |  +0.351 |  +0.739 |  +0.780 |  +0.590 |  +0.156 |  -0.850 |  -7.009
      9 |  +0.000 |  +0.355 |  +0.742 |  +0.764 |  +0.554 |  +0.086 |  -0.978 |  -6.820
     10 |  +0.000 |  +0.359 |  +0.742 |  +0.754 |  +0.556 |  +0.111 |  -0.889 |  -6.352

  LDA transfer curve:
      k |   α=0.0 |  α=0.25 |   α=0.5 |  α=0.75 |   α=1.0 |  α=1.25 |   α=1.5 |   α=2.0
      1 |  +0.000 |  +0.126 |  +0.252 |  +0.423 |  +0.594 |  +0.624 |  +0.546 |  +0.213
      2 |  +0.000 |  +0.135 |  +0.297 |  +0.537 |  +0.624 |  +0.560 |  +0.437 |  -0.111
      3 |  +0.000 |  +0.160 |  +0.339 |  +0.559 |  +0.626 |  +0.606 |  +0.585 |  +0.484
      4 |  +0.000 |  +0.175 |  +0.365 |  +0.577 |  +0.645 |  +0.643 |  +0.659 |  +0.658
      5 |  +0.000 |  +0.198 |  +0.430 |  +0.662 |  +0.747 |  +0.767 |  +0.778 |  +0.701
      6 |  +0.000 |  +0.211 |  +0.453 |  +0.683 |  +0.761 |  +0.774 |  +0.766 |  +0.587
      7 |  +0.000 |  +0.197 |  +0.425 |  +0.666 |  +0.744 |  +0.733 |  +0.664 |  +0.082
      8 |  +0.000 |  +0.201 |  +0.429 |  +0.666 |  +0.716 |  +0.670 |  +0.589 |  +0.101
      9 |  +0.000 |  +0.211 |  +0.449 |  +0.682 |  +0.728 |  +0.689 |  +0.627 |  +0.251
     10 |  +0.000 |  +0.224 |  +0.470 |  +0.684 |  +0.702 |  +0.636 |  +0.573 |  +0.274

### target = 666
  mean KL(target‖ref) over held-out = 0.4751
  k* (mean-diff, threshold 0.8) = 1

  Mean-diff transfer curve:
      k |   α=0.0 |  α=0.25 |   α=0.5 |  α=0.75 |   α=1.0 |  α=1.25 |   α=1.5 |   α=2.0
      1 |  +0.000 |  +0.222 |  +0.546 |  +0.844 |  +0.928 |  +0.912 |  +0.833 |  +0.475
      2 |  +0.000 |  +0.243 |  +0.694 |  +0.847 |  +0.613 |  -4.703 | -50.727 | -64.804
      3 |  +0.000 |  +0.234 |  +0.706 |  +0.850 |  +0.382 |  -3.733 | -37.451 | -63.321
      4 |  +0.000 |  +0.259 |  +0.731 |  +0.800 |  +0.201 |  -3.225 | -24.764 | -54.234
      5 |  +0.000 |  +0.260 |  +0.734 |  +0.801 |  +0.176 |  -3.393 | -25.285 | -54.828
      6 |  +0.000 |  +0.257 |  +0.736 |  +0.794 |  +0.135 |  -3.739 | -26.785 | -54.531
      7 |  +0.000 |  +0.258 |  +0.739 |  +0.787 |  +0.044 |  -5.017 | -28.773 | -54.873
      8 |  +0.000 |  +0.244 |  +0.735 |  +0.784 |  -0.475 | -13.353 | -39.868 | -56.461
      9 |  +0.000 |  +0.242 |  +0.734 |  +0.784 |  -0.478 | -13.644 | -40.273 | -56.455
     10 |  +0.000 |  +0.242 |  +0.734 |  +0.785 |  -0.470 | -13.654 | -40.303 | -56.428

  LDA transfer curve:
      k |   α=0.0 |  α=0.25 |   α=0.5 |  α=0.75 |   α=1.0 |  α=1.25 |   α=1.5 |   α=2.0
      1 |  +0.000 |  +0.137 |  +0.292 |  +0.497 |  +0.654 |  +0.651 |  +0.527 |  +0.007
      2 |  +0.000 |  +0.172 |  +0.403 |  +0.700 |  +0.834 |  +0.806 |  +0.658 |  +0.043
      3 |  +0.000 |  +0.180 |  +0.450 |  +0.749 |  +0.850 |  +0.804 |  +0.699 |  +0.403
      4 |  +0.000 |  +0.176 |  +0.439 |  +0.743 |  +0.862 |  +0.863 |  +0.793 |  +0.516
      5 |  +0.000 |  +0.190 |  +0.466 |  +0.767 |  +0.877 |  +0.873 |  +0.806 |  +0.547
      6 |  +0.000 |  +0.203 |  +0.506 |  +0.804 |  +0.899 |  +0.891 |  +0.816 |  +0.472
      7 |  +0.000 |  +0.225 |  +0.546 |  +0.840 |  +0.915 |  +0.874 |  +0.778 |  +0.412
      8 |  +0.000 |  +0.238 |  +0.563 |  +0.838 |  +0.882 |  +0.823 |  +0.733 |  +0.430
      9 |  +0.000 |  +0.231 |  +0.557 |  +0.841 |  +0.878 |  +0.800 |  +0.691 |  +0.327
     10 |  +0.000 |  +0.237 |  +0.558 |  +0.840 |  +0.863 |  +0.743 |  +0.599 |  +0.168

### target = 137
  mean KL(target‖ref) over held-out = 0.3828
  k* (mean-diff, threshold 0.8) = 1

  Mean-diff transfer curve:
      k |   α=0.0 |  α=0.25 |   α=0.5 |  α=0.75 |   α=1.0 |  α=1.25 |   α=1.5 |   α=2.0
      1 |  +0.000 |  +0.184 |  +0.500 |  +0.805 |  +0.903 |  +0.918 |  +0.855 |  +0.475
      2 |  +0.000 |  +0.258 |  +0.714 |  +0.910 |  +0.846 |  +0.644 |  +0.369 |  -0.137
      3 |  +0.000 |  +0.256 |  +0.734 |  +0.897 |  +0.776 |  +0.490 |  +0.099 |  -0.578
      4 |  +0.000 |  +0.265 |  +0.759 |  +0.906 |  +0.741 |  +0.332 |  -0.268 |  -1.725
      5 |  +0.000 |  +0.263 |  +0.760 |  +0.907 |  +0.741 |  +0.321 |  -0.324 |  -2.006
      6 |  +0.000 |  +0.264 |  +0.760 |  +0.908 |  +0.738 |  +0.298 |  -0.391 |  -2.227
      7 |  +0.000 |  +0.262 |  +0.760 |  +0.909 |  +0.733 |  +0.294 |  -0.379 |  -2.083
      8 |  +0.000 |  +0.268 |  +0.768 |  +0.915 |  +0.738 |  +0.288 |  -0.400 |  -2.212
      9 |  +0.000 |  +0.278 |  +0.780 |  +0.906 |  +0.704 |  +0.225 |  -0.485 |  -2.324
     10 |  +0.000 |  +0.279 |  +0.780 |  +0.906 |  +0.702 |  +0.218 |  -0.495 |  -2.334

  LDA transfer curve:
      k |   α=0.0 |  α=0.25 |   α=0.5 |  α=0.75 |   α=1.0 |  α=1.25 |   α=1.5 |   α=2.0
      1 |  +0.000 |  +0.088 |  +0.233 |  +0.429 |  +0.624 |  +0.728 |  +0.722 |  +0.429
      2 |  +0.000 |  +0.143 |  +0.371 |  +0.637 |  +0.751 |  +0.755 |  +0.719 |  +0.453
      3 |  +0.000 |  +0.174 |  +0.461 |  +0.731 |  +0.810 |  +0.817 |  +0.772 |  +0.532
      4 |  +0.000 |  +0.155 |  +0.434 |  +0.724 |  +0.821 |  +0.842 |  +0.802 |  +0.551
      5 |  +0.000 |  +0.170 |  +0.467 |  +0.757 |  +0.850 |  +0.863 |  +0.808 |  +0.533
      6 |  +0.000 |  +0.171 |  +0.477 |  +0.771 |  +0.876 |  +0.908 |  +0.870 |  +0.574
      7 |  +0.000 |  +0.180 |  +0.485 |  +0.773 |  +0.869 |  +0.893 |  +0.841 |  +0.486
      8 |  +0.000 |  +0.192 |  +0.512 |  +0.802 |  +0.893 |  +0.916 |  +0.867 |  +0.481
      9 |  +0.000 |  +0.189 |  +0.505 |  +0.800 |  +0.892 |  +0.912 |  +0.865 |  +0.520
     10 |  +0.000 |  +0.190 |  +0.508 |  +0.801 |  +0.892 |  +0.913 |  +0.867 |  +0.524